Intro_Assignment

ans =

   1.002197802197802


ans =

  1.500000000000000 - 1.000000000000000i


ans =

   1.001958865736239


A =

     8     1     6
     3     5     7
     4     9     2


d =

     8
     5
     2


B =

     0     8     5     2
     8     8     1     6
     5     3     5     7
     2     4     9     2


ans =

     4     4


ans =

   -10    -9    -8    -7    -6    -5    -4    -3    -2    -1     0     1     2     3     4     5     6     7     8     9    10


ans =

  Columns 1 through 6

   7.000000000000000   6.666666666666667   6.333333333333333   6.000000000000000   5.666666666666667   5.333333333333334

  Columns 7 through 12

   5.000000000000000   4.666666666666667   4.333333333333333   4.000000000000000   3.666666666666667   3.333333333333333

  Columns 13 through 16

   3.000000000000000   2.666666666666667   2.333333333333333   2.000000000000000


ans =

  Columns 1 through 3

  0.000000000000000 + 2.000000000000000i  0.000000000000000 + 2.050000000000000i  0.000000000000000 + 2.100000000000000i

  Columns 4 through 6

  0.000000000000000 + 2.150000000000000i  0.000000000000000 + 2.200000000000000i  0.000000000000000 + 2.250000000000000i

  Columns 7 through 9

  0.000000000000000 + 2.300000000000000i  0.000000000000000 + 2.350000000000000i  0.000000000000000 + 2.400000000000000i

  Columns 10 through 12

  0.000000000000000 + 2.450000000000000i  0.000000000000000 + 2.500000000000000i  0.000000000000000 + 2.550000000000000i

  Columns 13 through 15

  0.000000000000000 + 2.600000000000000i  0.000000000000000 + 2.650000000000000i  0.000000000000000 + 2.700000000000000i

  Columns 16 through 18

  0.000000000000000 + 2.750000000000000i  0.000000000000000 + 2.800000000000000i  0.000000000000000 + 2.850000000000000i

  Columns 19 through 21

  0.000000000000000 + 2.900000000000000i  0.000000000000000 + 2.950000000000000i  0.000000000000000 + 3.000000000000000i


ans =

    93


ans =

    64    40    16
    40    25    10
    16    10     4


ans =

    87
    51
    87


ans =

    87    51    87
    99    75    75
    72    96    72
    69    69    93


C =

  8.000000000000000 + 0.147222222222222i  1.000000000000000 - 0.144444444444444i  6.000000000000000 + 0.063888888888889i
  3.000000000000000 - 0.061111111111111i  5.000000000000000 + 0.022222222222222i  7.000000000000000 + 0.105555555555556i
  4.000000000000000 - 0.019444444444444i  9.000000000000000 + 0.188888888888889i  2.000000000000000 - 0.102777777777778i


ans =

  8.000000000000000 - 0.147222222222222i  3.000000000000000 + 0.061111111111111i  4.000000000000000 + 0.019444444444444i
  1.000000000000000 + 0.144444444444444i  5.000000000000000 - 0.022222222222222i  9.000000000000000 - 0.188888888888889i
  6.000000000000000 - 0.063888888888889i  7.000000000000000 - 0.105555555555556i  2.000000000000000 + 0.102777777777778i


ans =

  8.000000000000000 - 0.147222222222222i  1.000000000000000 + 0.144444444444444i  6.000000000000000 - 0.063888888888889i
  3.000000000000000 + 0.061111111111111i  5.000000000000000 - 0.022222222222222i  7.000000000000000 - 0.105555555555556i
  4.000000000000000 + 0.019444444444444i  9.000000000000000 - 0.188888888888889i  2.000000000000000 + 0.102777777777778i


ans =

  0.147005145491788 - 0.005298070240314i -0.144156033017745 + 0.006833645530917i  0.063816237346208 - 0.001831865734248i
 -0.060967124872165 + 0.003367441024851i  0.022221783273419 - 0.000098763481215i  0.105410691418996 - 0.003564967987281i
 -0.019372670799373 + 0.001634338771818i  0.188599599564577 - 0.007031172493347i -0.102561578944953 + 0.005100543277884i


ans =

  -360


ans =

  15.000000000000004
   4.898979485566361
  -4.898979485566358


M =

    17    24     1     8    15
    23     5     7    14    16
     4     6    13    20    22
    10    12    19    21     3
    11    18    25     2     9


m =

    17
    23
     4
    10
    11
    24
     5
     6
    12
    18
     1
     7
    13
    19
    25
     8
    14
    20
    21
     2
    15
    16
    22
     3
     9


m2 =

     9
     3
    22
    16
    15
     2
    21
    20
    14
     8
    25
    19
    13
     7
     1
    18
    12
     6
     5
    24
    11
    10
     4
    23
    17


M2 =

     9     2    25    18    11
     3    21    19    12    10
    22    20    13     6     4
    16    14     7     5    23
    15     8     1    24    17


ans =

     3     2     1     5     4
     9     8     7     6    10
    15    14    13    12    11
    16    20    19    18    17
    22    21    25    24    23


ans =

    22    21    25    24    23


ans =

    25


ans =

    25


results =

   1.0e+05 *

   0.000100000000000   0.000009275955702
   0.001000000000000   0.000008504891212
   0.010000000000000   0.000008434732395
   0.100000000000000   0.000008427779743
   1.000000000000000   0.000008427085105


ans =

   0.842700847014872


ans =

   1.341904418045378


ans =

   1.754075677258042


ans =

   1.103980484011042

diary off
